original input
     preg   plas  pres  skin   test  mass   pedi   age
0     6.0  148.0  72.0  35.0    0.0  33.6  0.627  50.0
1     1.0   85.0  66.0  29.0    0.0  26.6  0.351  31.0
2     8.0  183.0  64.0   0.0    0.0  23.3  0.672  32.0
3     1.0   89.0  66.0  23.0   94.0  28.1  0.167  21.0
4     0.0  137.0  40.0  35.0  168.0  43.1  2.288  33.0
5     5.0  116.0  74.0   0.0    0.0  25.6  0.201  30.0
6     3.0   78.0  50.0  32.0   88.0  31.0  0.248  26.0
7    10.0  115.0   0.0   0.0    0.0  35.3  0.134  29.0
8     2.0  197.0  70.0  45.0  543.0  30.5  0.158  53.0
9     8.0  125.0  96.0   0.0    0.0   0.0  0.232  54.0
10    4.0  110.0  92.0   0.0    0.0  37.6  0.191  30.0
11   10.0  168.0  74.0   0.0    0.0  38.0  0.537  34.0
12   10.0  139.0  80.0   0.0    0.0  27.1  1.441  57.0
13    1.0  189.0  60.0  23.0  846.0  30.1  0.398  59.0
14    5.0  166.0  72.0  19.0  175.0  25.8  0.587  51.0
15    7.0  100.0   0.0   0.0    0.0  30.0  0.484  32.0
16    0.0  118.0  84.0  47.0  230.0  45.8  0.551  31.0
17    7.0  107.0  74.0   0.0    0.0  29.6  0.254  31.0
18    1.0  103.0  30.0  38.0   83.0  43.3  0.183  33.0
19    1.0  115.0  70.0  30.0   96.0  34.6  0.529  32.0
20    3.0  126.0  88.0  41.0  235.0  39.3  0.704  27.0
21    8.0   99.0  84.0   0.0    0.0  35.4  0.388  50.0
22    7.0  196.0  90.0   0.0    0.0  39.8  0.451  41.0
23    9.0  119.0  80.0  35.0    0.0  29.0  0.263  29.0
24   11.0  143.0  94.0  33.0  146.0  36.6  0.254  51.0
25   10.0  125.0  70.0  26.0  115.0  31.1  0.205  41.0
26    7.0  147.0  76.0   0.0    0.0  39.4  0.257  43.0
27    1.0   97.0  66.0  15.0  140.0  23.2  0.487  22.0
28   13.0  145.0  82.0  19.0  110.0  22.2  0.245  57.0
29    5.0  117.0  92.0   0.0    0.0  34.1  0.337  38.0
..    ...    ...   ...   ...    ...   ...    ...   ...
738   2.0   99.0  60.0  17.0  160.0  36.6  0.453  21.0
739   1.0  102.0  74.0   0.0    0.0  39.5  0.293  42.0
740  11.0  120.0  80.0  37.0  150.0  42.3  0.785  48.0
741   3.0  102.0  44.0  20.0   94.0  30.8  0.400  26.0
742   1.0  109.0  58.0  18.0  116.0  28.5  0.219  22.0
743   9.0  140.0  94.0   0.0    0.0  32.7  0.734  45.0
744  13.0  153.0  88.0  37.0  140.0  40.6  1.174  39.0
745  12.0  100.0  84.0  33.0  105.0  30.0  0.488  46.0
746   1.0  147.0  94.0  41.0    0.0  49.3  0.358  27.0
747   1.0   81.0  74.0  41.0   57.0  46.3  1.096  32.0
748   3.0  187.0  70.0  22.0  200.0  36.4  0.408  36.0
749   6.0  162.0  62.0   0.0    0.0  24.3  0.178  50.0
750   4.0  136.0  70.0   0.0    0.0  31.2  1.182  22.0
751   1.0  121.0  78.0  39.0   74.0  39.0  0.261  28.0
752   3.0  108.0  62.0  24.0    0.0  26.0  0.223  25.0
753   0.0  181.0  88.0  44.0  510.0  43.3  0.222  26.0
754   8.0  154.0  78.0  32.0    0.0  32.4  0.443  45.0
755   1.0  128.0  88.0  39.0  110.0  36.5  1.057  37.0
756   7.0  137.0  90.0  41.0    0.0  32.0  0.391  39.0
757   0.0  123.0  72.0   0.0    0.0  36.3  0.258  52.0
758   1.0  106.0  76.0   0.0    0.0  37.5  0.197  26.0
759   6.0  190.0  92.0   0.0    0.0  35.5  0.278  66.0
760   2.0   88.0  58.0  26.0   16.0  28.4  0.766  22.0
761   9.0  170.0  74.0  31.0    0.0  44.0  0.403  43.0
762   9.0   89.0  62.0   0.0    0.0  22.5  0.142  33.0
763  10.0  101.0  76.0  48.0  180.0  32.9  0.171  63.0
764   2.0  122.0  70.0  27.0    0.0  36.8  0.340  27.0
765   5.0  121.0  72.0  23.0  112.0  26.2  0.245  30.0
766   1.0  126.0  60.0   0.0    0.0  30.1  0.349  47.0
767   1.0   93.0  70.0  31.0    0.0  30.4  0.315  23.0

[768 rows x 8 columns]
original output
     class
0      1.0
1      0.0
2      1.0
3      0.0
4      1.0
5      0.0
6      1.0
7      0.0
8      1.0
9      1.0
10     0.0
11     1.0
12     0.0
13     1.0
14     1.0
15     1.0
16     1.0
17     1.0
18     0.0
19     1.0
20     0.0
21     0.0
22     1.0
23     1.0
24     1.0
25     1.0
26     1.0
27     0.0
28     0.0
29     0.0
..     ...
738    0.0
739    1.0
740    1.0
741    0.0
742    0.0
743    1.0
744    0.0
745    0.0
746    1.0
747    0.0
748    1.0
749    1.0
750    1.0
751    0.0
752    0.0
753    1.0
754    1.0
755    1.0
756    0.0
757    1.0
758    0.0
759    1.0
760    0.0
761    1.0
762    0.0
763    0.0
764    0.0
765    0.0
766    1.0
767    0.0

[768 rows x 1 columns]
rescaled input
      preg   plas   pres   skin   test   mass   pedi    age
0    0.640  0.848  0.150  0.907 -0.693  0.204  0.468  1.426
1   -0.845 -1.123 -0.161  0.531 -0.693 -0.684 -0.365 -0.191
2    1.234  1.944 -0.264 -1.288 -0.693 -1.103  0.604 -0.106
3   -0.845 -0.998 -0.161  0.155  0.123 -0.494 -0.921 -1.042
4   -1.142  0.504 -1.505  0.907  0.766  1.410  5.485 -0.020
5    0.343 -0.153  0.253 -1.288 -0.693 -0.811 -0.818 -0.276
6   -0.251 -1.342 -0.988  0.719  0.071 -0.126 -0.676 -0.616
7    1.828 -0.184 -3.573 -1.288 -0.693  0.420 -1.020 -0.361
8   -0.548  2.382  0.046  1.535  4.022 -0.189 -0.948  1.681
9    1.234  0.128  1.390 -1.288 -0.693 -4.060 -0.724  1.766
10   0.046 -0.341  1.184 -1.288 -0.693  0.712 -0.848 -0.276
11   1.828  1.474  0.253 -1.288 -0.693  0.762  0.197  0.065
12   1.828  0.567  0.563 -1.288 -0.693 -0.621  2.927  2.022
13  -0.845  2.132 -0.471  0.155  6.653 -0.240 -0.223  2.192
14   0.343  1.412  0.150 -0.096  0.827 -0.786  0.348  1.511
15   0.937 -0.654 -3.573 -1.288 -0.693 -0.253  0.037 -0.106
16  -1.142 -0.091  0.770  1.660  1.304  1.752  0.239 -0.191
17   0.937 -0.435  0.253 -1.288 -0.693 -0.304 -0.658 -0.191
18  -0.845 -0.560 -2.022  1.095  0.028  1.435 -0.872 -0.020
19  -0.845 -0.184  0.046  0.594  0.141  0.331  0.173 -0.106
20  -0.251  0.160  0.977  1.284  1.348  0.927  0.701 -0.531
21   1.234 -0.685  0.770 -1.288 -0.693  0.432 -0.253  1.426
22   0.937  2.351  1.080 -1.288 -0.693  0.991 -0.063  0.660
23   1.531 -0.059  0.563  0.907 -0.693 -0.380 -0.631 -0.361
24   2.125  0.692  1.287  0.782  0.575  0.585 -0.658  1.511
25   1.828  0.128  0.046  0.343  0.306 -0.113 -0.806  0.660
26   0.937  0.817  0.356 -1.288 -0.693  0.940 -0.649  0.830
27  -0.845 -0.748 -0.161 -0.347  0.523 -1.116  0.046 -0.956
28   2.719  0.754  0.667 -0.096  0.262 -1.243 -0.685  2.022
29   0.343 -0.122  1.184 -1.288 -0.693  0.267 -0.407  0.405
..     ...    ...    ...    ...    ...    ...    ...    ...
738 -0.548 -0.685 -0.471 -0.222  0.696  0.585 -0.057 -1.042
739 -0.845 -0.591  0.253 -1.288 -0.693  0.953 -0.540  0.745
740  2.125 -0.028  0.563  1.033  0.610  1.308  0.946  1.256
741 -0.251 -0.591 -1.298 -0.034  0.123 -0.151 -0.217 -0.616
742 -0.845 -0.372 -0.574 -0.159  0.314 -0.443 -0.764 -0.956
743  1.531  0.598  1.287 -1.288 -0.693  0.090  0.792  1.001
744  2.719  1.005  0.977  1.033  0.523  1.092  2.120  0.490
745  2.422 -0.654  0.770  0.782  0.219 -0.253  0.049  1.086
746 -0.845  0.817  1.287  1.284 -0.693  2.197 -0.344 -0.531
747 -0.845 -1.249  0.253  1.284 -0.198  1.816  1.885 -0.106
748 -0.251  2.069  0.046  0.092  1.044  0.559 -0.193  0.235
749  0.640  1.286 -0.367 -1.288 -0.693 -0.976 -0.888  1.426
750  0.046  0.473  0.046 -1.288 -0.693 -0.101  2.145 -0.956
751 -0.845  0.003  0.460  1.158 -0.050  0.889 -0.637 -0.446
752 -0.251 -0.404 -0.367  0.217 -0.693 -0.761 -0.752 -0.701
753 -1.142  1.881  0.977  1.472  3.735  1.435 -0.755 -0.616
754  1.234  1.036  0.460  0.719 -0.693  0.052 -0.087  1.001
755 -0.845  0.222  0.977  1.158  0.262  0.572  1.767  0.320
756  0.937  0.504  1.080  1.284 -0.693  0.001 -0.244  0.490
757 -1.142  0.066  0.150 -1.288 -0.693  0.547 -0.646  1.596
758 -0.845 -0.466  0.356 -1.288 -0.693  0.699 -0.830 -0.616
759  0.640  2.163  1.184 -1.288 -0.693  0.445 -0.586  2.787
760 -0.548 -1.030 -0.574  0.343 -0.554 -0.456  0.888 -0.956
761  1.531  1.537  0.253  0.656 -0.693  1.524 -0.208  0.830
762  1.531 -0.998 -0.367 -1.288 -0.693 -1.205 -0.996 -0.020
763  1.828 -0.623  0.356  1.723  0.870  0.115 -0.909  2.532
764 -0.548  0.035  0.046  0.405 -0.693  0.610 -0.398 -0.531
765  0.343  0.003  0.150  0.155  0.280 -0.735 -0.685 -0.276
766 -0.845  0.160 -0.471 -1.288 -0.693 -0.240 -0.371  1.171
767 -0.845 -0.873  0.046  0.656 -0.693 -0.202 -0.474 -0.871

[768 rows x 8 columns]
normalized input
      preg   plas   pres   skin   test   mass   pedi    age
0    0.294  0.389  0.069  0.416 -0.318  0.094  0.215  0.654
1   -0.458 -0.609 -0.087  0.288 -0.376 -0.371 -0.198 -0.104
2    0.409  0.644 -0.087 -0.427 -0.230 -0.366  0.200 -0.035
3   -0.425 -0.502 -0.081  0.078  0.062 -0.248 -0.463 -0.524
4   -0.187  0.083 -0.246  0.148  0.125  0.231  0.898 -0.003
5    0.177 -0.079  0.131 -0.665 -0.358 -0.419 -0.423 -0.143
6   -0.122 -0.654 -0.481  0.350  0.035 -0.061 -0.329 -0.300
7    0.413 -0.042 -0.806 -0.291 -0.156  0.095 -0.230 -0.081
8   -0.103  0.448  0.009  0.289  0.756 -0.036 -0.178  0.316
9    0.243  0.025  0.274 -0.254 -0.137 -0.800 -0.143  0.348
10   0.021 -0.153  0.532 -0.578 -0.311  0.320 -0.381 -0.124
11   0.633  0.510  0.088 -0.446 -0.240  0.264  0.068  0.023
12   0.418  0.130  0.129 -0.294 -0.158 -0.142  0.669  0.462
13  -0.114  0.288 -0.064  0.021  0.900 -0.032 -0.030  0.296
14   0.142  0.584  0.062 -0.040  0.342 -0.325  0.144  0.625
15   0.232 -0.162 -0.885 -0.319 -0.172 -0.063  0.009 -0.026
16  -0.370 -0.029  0.249  0.538  0.423  0.568  0.077 -0.062
17   0.479 -0.222  0.129 -0.658 -0.354 -0.155 -0.336 -0.098
18  -0.280 -0.185 -0.669  0.362  0.009  0.475 -0.288 -0.007
19  -0.749 -0.163  0.041  0.526  0.125  0.293  0.153 -0.094
20  -0.101  0.065  0.394  0.518  0.544  0.374  0.283 -0.214
21   0.466 -0.259  0.291 -0.487 -0.262  0.163 -0.096  0.539
22   0.281  0.705  0.324 -0.386 -0.208  0.297 -0.019  0.198
23   0.711 -0.027  0.261  0.421 -0.322 -0.176 -0.293 -0.168
24   0.651  0.212  0.394  0.240  0.176  0.179 -0.202  0.463
25   0.846  0.059  0.021  0.159  0.142 -0.052 -0.373  0.305
26   0.389  0.339  0.148 -0.535 -0.288  0.390 -0.269  0.344
27  -0.430 -0.381 -0.082 -0.177  0.266 -0.568  0.023 -0.487
28   0.712  0.197  0.175 -0.025  0.069 -0.325 -0.179  0.529
29   0.170 -0.060  0.587 -0.638 -0.343  0.132 -0.202  0.201
..     ...    ...    ...    ...    ...    ...    ...    ...
738 -0.319 -0.398 -0.274 -0.129  0.405  0.340 -0.033 -0.606
739 -0.377 -0.264  0.113 -0.575 -0.309  0.425 -0.241  0.332
740  0.657 -0.009  0.174  0.319  0.189  0.405  0.293  0.388
741 -0.157 -0.369 -0.811 -0.021  0.077 -0.094 -0.136 -0.385
742 -0.488 -0.215 -0.331 -0.092  0.181 -0.256 -0.441 -0.552
743  0.537  0.210  0.451 -0.452 -0.243  0.032  0.278  0.351
744  0.667  0.246  0.240  0.253  0.128  0.268  0.520  0.120
745  0.817 -0.221  0.260  0.264  0.074 -0.085  0.017  0.366
746 -0.262  0.253  0.399  0.398 -0.215  0.681 -0.107 -0.165
747 -0.256 -0.379  0.077  0.389 -0.060  0.550  0.571 -0.032
748 -0.104  0.855  0.019  0.038  0.432  0.231 -0.080  0.097
749  0.225  0.452 -0.129 -0.452 -0.243 -0.343 -0.312  0.501
750  0.016  0.168  0.016 -0.458 -0.247 -0.036  0.764 -0.340
751 -0.441  0.002  0.240  0.605 -0.026  0.464 -0.333 -0.233
752 -0.158 -0.254 -0.231  0.137 -0.436 -0.479 -0.473 -0.441
753 -0.229  0.377  0.196  0.295  0.748  0.287 -0.151 -0.123
754  0.562  0.472  0.210  0.328 -0.316  0.024 -0.040  0.456
755 -0.327  0.086  0.378  0.448  0.101  0.221  0.684  0.124
756  0.431  0.232  0.497  0.591 -0.319  0.000 -0.112  0.225
757 -0.440  0.025  0.058 -0.496 -0.267  0.211 -0.249  0.615
758 -0.388 -0.214  0.163 -0.591 -0.318  0.321 -0.381 -0.283
759  0.156  0.526  0.288 -0.313 -0.168  0.108 -0.142  0.677
760 -0.273 -0.513 -0.286  0.171 -0.276 -0.227  0.443 -0.476
761  0.518  0.520  0.086  0.222 -0.234  0.516 -0.070  0.281
762  0.539 -0.352 -0.129 -0.454 -0.244 -0.424 -0.351 -0.007
763  0.475 -0.162  0.092  0.447  0.226  0.030 -0.236  0.657
764 -0.413  0.026  0.035  0.305 -0.522  0.460 -0.300 -0.400
765  0.298  0.003  0.130  0.134  0.243 -0.638 -0.594 -0.239
766 -0.391  0.074 -0.218 -0.596 -0.321 -0.111 -0.172  0.542
767 -0.457 -0.473  0.025  0.355 -0.375 -0.109 -0.257 -0.471

[768 rows x 8 columns]